LMem%,Xput,XputErr,Faults,FaultsErr,HitR,Count,System,Backend,EvP,EvB,CPU,Zipfs,XputNorm,XputErrNorm
10,984512,0,349482,0,64,1,eden-bh,,SC,32,5,1,0.242747,
20,1198417,5325.94,322453,514.747,73,3,eden-bh,,SC,32,5,1,0.295489,0.0013132
30,1406841,17161,297056,3380.92,78,3,eden-bh,,SC,32,5,1,0.346879,0.00423132
40,1614701,15794.2,268869,3319,83,3,eden-bh,,SC,32,5,1,0.39813,0.00389431
50,1858310,24049.3,234864,3227.29,87,3,eden-bh,,SC,32,5,1,0.458196,0.00592974
60,2174767,26620.2,203372,2339.62,90,3,eden-bh,,SC,32,5,1,0.536224,0.00656364
70,2498241,40608.7,162006,2214.36,93,3,eden-bh,,SC,32,5,1,0.615981,0.0100127
80,2905055,28021.3,112874,1015.25,96,3,eden-bh,,SC,32,5,1,0.716288,0.0069091
90,3373663,96411.6,56417,1372.47,98,3,eden-bh,,SC,32,5,1,0.831831,0.0237718
100,4055709,29168.2,0,0,100,3,eden-bh,,SC,32,5,1,1,0.00719189
