LMem%,Xput,XputErr,Faults,FaultsErr,HitR,Count,System,Backend,EvP,EvB,CPU,Zipfs,XputNorm,XputErrNorm
10,406516,0,504909,0,37,1,eden-bh,,NONE,32,5,1,0.105241,
20,455481,0,493023,0,45,1,eden-bh,,NONE,32,5,1,0.117917,
30,1013750,0,386431,0,80,1,eden-bh,,NONE,32,5,1,0.262445,
40,,,,,,,eden-bh,,NONE,32,5,1,,
50,1572352,0,326450,0,89,1,eden-bh,,NONE,32,5,1,0.407059,
60,1870062,0,287601,0,92,1,eden-bh,,NONE,32,5,1,0.484131,
70,2202290,0,236713,0,94,1,eden-bh,,NONE,32,5,1,0.57014,
80,2620998,0,181290,0,96,1,eden-bh,,NONE,32,5,1,0.678538,
90,3103514,0,104678,0,98,1,eden-bh,,NONE,32,5,1,0.803454,
100,3862716,0,7346,0,99,1,eden-bh,,NONE,32,5,1,1,
