LMem%,Xput,XputErr,Faults,FaultsErr,HitR,Count,System,Backend,EvP,EvB,CPU,Zipfs,XputNorm,XputErrNorm
10,571031,17011.3,318660,3292.51,44,3,fastswap,,,,5,1,0.141535,0.0042164
20,796494,6682.07,284006,1745.85,64,3,fastswap,,,,5,1,0.197418,0.00165621
30,1124561,7073.45,245179,1842.29,78,4,fastswap,,,,5,1,0.278732,0.00175322
40,1439943,10723.6,214116,784.754,85,4,fastswap,,,,5,1,0.356902,0.00265794
50,1738048,28501.7,199048,3076.42,88,4,fastswap,,,,5,1,0.43079,0.00706439
60,2197766,14481.9,197061,1321.49,91,3,fastswap,,,,5,1,0.544735,0.00358946
70,2587095,57044.2,185757,3239.87,92,3,fastswap,,,,5,1,0.641234,0.0141389
80,3081741,44873.2,157689,1929.91,94,3,fastswap,,,,5,1,0.763836,0.0111222
90,3619596,108403,69728,1281.39,98,3,fastswap,,,,5,1,0.897148,0.0268686
100,4034558,45982.1,0,0,100,3,fastswap,,,,5,1,1,0.0113971
