LMem%,Xput,XputErr,Faults,FaultsErr,HitR,Count,System,Backend,EvP,EvB,CPU,Zipfs,XputNorm,XputErrNorm
10,692200,0,456880,0,66,1,eden-bh,,LRU,32,5,1,0.212787,
20,858368,0,422365,0,75,1,eden-bh,,LRU,32,5,1,0.263868,
30,1041586,0,390051,0,81,1,eden-bh,,LRU,32,5,1,0.32019,
40,1220135,0,352422,0,85,1,eden-bh,,LRU,32,5,1,0.375077,
50,1443570,0,314674,0,89,1,eden-bh,,LRU,32,5,1,0.443762,
60,1695810,0,270829,0,92,1,eden-bh,,LRU,32,5,1,0.521303,
70,1977961,0,218598,0,94,1,eden-bh,,LRU,32,5,1,0.608038,
80,2319854,0,160658,0,96,1,eden-bh,,LRU,32,5,1,0.713138,
90,2768673,0,92143,0,98,1,eden-bh,,LRU,32,5,1,0.851107,
100,3253024,0,6014,0,99,1,eden-bh,,LRU,32,5,1,1,
