LMem%,Xput,XputErr,Faults,FaultsErr,HitR,Count,System,Backend,EvP,EvB,CPU,Zipfs,XputNorm,XputErrNorm
10,641647,0,460479,0,64,1,eden-bh,,NONE,32,5,1,0.18436,
20,826659,0,434623,0,73,1,eden-bh,,NONE,32,5,1,0.237518,
30,995704,0,411445,0,79,1,eden-bh,,NONE,32,5,1,0.286088,
40,1174664,0,384396,0,83,1,eden-bh,,NONE,32,5,1,0.337507,
50,1380880,0,351053,0,87,1,eden-bh,,NONE,32,5,1,0.396758,
60,1625752,0,314588,0,90,1,eden-bh,,NONE,32,5,1,0.467115,
70,1925585,0,268377,0,93,1,eden-bh,,NONE,32,5,1,0.553264,
80,2291684,0,206758,0,95,1,eden-bh,,NONE,32,5,1,0.658452,
90,2779081,0,123750,0,97,1,eden-bh,,NONE,32,5,1,0.798493,
100,3480409,0,8688,0,99,1,eden-bh,,NONE,32,5,1,1,
