LMem%,Xput,XputErr,Faults,FaultsErr,NetReads,NetReadsErr,HitR,Count,System,Backend,EvP,EvB,CPU,Zipfs,XputNorm,XputErrNorm
10,842803,0,570911,0,570886,0,66,1,eden,,SC,32,5,1,0.223499,
20,1067343,0,534975,0,534951,0,74,1,eden,,SC,32,5,1,0.283044,
30,1310004,0,497973,0,497954,0,80,1,eden,,SC,32,5,1,0.347394,
40,1599339,0,452761,0,452747,0,85,1,eden,,SC,32,5,1,0.424121,
50,1881464,0,396633,0,396622,0,89,1,eden,,SC,32,5,1,0.498937,
60,2189679,0,323180,0,323171,0,92,1,eden,,SC,32,5,1,0.580671,
70,2574412,0,254441,0,254435,0,95,1,eden,,SC,32,5,1,0.682697,
80,2922500,0,170553,0,170549,0,97,1,eden,,SC,32,5,1,0.775004,
90,3470051,0,90687,0,90686,0,98,1,eden,,SC,32,5,1,0.920207,
100,3770946,0,4238,0,4238,0,99,1,eden,,SC,32,5,1,1,
