LMem%,Xput,XputErr,Faults,FaultsErr,HitR,Count,System,Backend,EvP,EvB,CPU,Zipfs,XputNorm,XputErrNorm
10,665284,0,450523,0,66,1,eden-bh,,SC,32,5,1,0.185581,
20,829452,0,415778,0,74,1,eden-bh,,SC,32,5,1,0.231376,
30,1013587,0,385886,0,80,1,eden-bh,,SC,32,5,1,0.282741,
40,1220872,0,352362,0,85,1,eden-bh,,SC,32,5,1,0.340563,
50,1466701,0,312539,0,89,1,eden-bh,,SC,32,5,1,0.409137,
60,1747076,0,268345,0,92,1,eden-bh,,SC,32,5,1,0.487348,
70,2098106,0,217335,0,94,1,eden-bh,,SC,32,5,1,0.585268,
80,2503376,0,154953,0,96,1,eden-bh,,SC,32,5,1,0.698318,
90,3004294,0,82475,0,98,1,eden-bh,,SC,32,5,1,0.838049,
100,3584865,0,4365,0,99,1,eden-bh,,SC,32,5,1,1,
