LMem%,Xput,XputErr,Faults,FaultsErr,NetReads,NetReadsErr,HitR,Count,System,Backend,EvP,EvB,CPU,Zipfs,XputNorm,XputErrNorm
10,829307,12678.9,531616,9463.85,531615,9463.69,67,5,eden-bh,,SC,32,5,1,0.185852,0.00284141
20,1052372,10714.5,489356,5022.45,489356,5022.24,76,4,eden-bh,,SC,32,5,1,0.235842,0.00240118
30,1296637,19108.6,449450,6091.82,449449,6091.82,82,5,eden-bh,,SC,32,5,1,0.290583,0.00428234
40,1574559,30409,403874,8242.13,403873,8241.81,87,5,eden-bh,,SC,32,5,1,0.352867,0.00681482
50,1852908,4096.31,345739,931.706,345738,931.782,90,5,eden-bh,,SC,32,5,1,0.415247,0.000918005
60,2231946,22009,292781,2587.6,292780,2587.6,93,4,eden-bh,,SC,32,5,1,0.500191,0.00493234
70,2617584,72607.6,226519,6318.03,226518,6318.42,95,5,eden-bh,,SC,32,5,1,0.586615,0.0162718
80,3144382,56075.2,159154,2887.11,159154,2887.44,97,5,eden-bh,,SC,32,5,1,0.704673,0.0125668
90,3490786,93286.7,75184,1969.6,75184,1969.73,98,5,eden-bh,,SC,32,5,1,0.782304,0.0209061
100,4462185,69924.8,0,0,0,0,100,5,eden-bh,,SC,32,5,1,1,0.0156705
