LMem%,Xput,XputErr,Faults,FaultsErr,HitR,Count,System,Backend,EvP,EvB,CPU,Zipfs,XputNorm,XputErrNorm
10,666869,0,444169,0,66,1,eden-bh,,LRU,32,5,1,0.210161,
20,829028,0,408874,0,75,1,eden-bh,,LRU,32,5,1,0.261264,
30,1004368,0,374745,0,81,1,eden-bh,,LRU,32,5,1,0.316522,
40,1188675,0,335045,0,85,1,eden-bh,,LRU,32,5,1,0.374605,
50,1440416,0,295046,0,89,1,eden-bh,,LRU,32,5,1,0.45394,
60,1714437,0,248726,0,92,1,eden-bh,,LRU,32,5,1,0.540297,
70,2046108,0,193872,0,95,1,eden-bh,,LRU,32,5,1,0.644821,
80,2377247,0,137927,0,97,1,eden-bh,,LRU,32,5,1,0.749178,
90,2778296,0,73784,0,98,1,eden-bh,,LRU,32,5,1,0.875567,
100,3173139,0,4198,0,99,1,eden-bh,,LRU,32,5,1,1,
