LMem%,Xput,XputErr,Faults,FaultsErr,NetReads,NetReadsErr,HitR,Count,System,Backend,EvP,EvB,CPU,Zipfs,XputNorm,XputErrNorm
10,1347277,52209.1,853438,33476.6,853431,33476.4,68,5,eden,,SC,32,5,1,0.302974,0.0117407
20,1703512,60690.1,773265,27889,773260,27889.3,77,5,eden,,SC,32,5,1,0.383084,0.0136479
30,2013846,63217.6,679786,21277.7,679782,21277.4,83,4,eden,,SC,32,5,1,0.452872,0.0142163
40,2255748,10574.5,564855,2469.75,564852,2469.87,87,4,eden,,SC,32,5,1,0.50727,0.00237798
50,2604662,46100.1,477004,8313.01,477002,8313.01,90,4,eden,,SC,32,5,1,0.585734,0.0103669
60,3004028,56352.8,389835,7582.59,389833,7582.39,93,4,eden,,SC,32,5,1,0.675543,0.0126726
70,3269676,91866.6,280583,7694.69,280581,7694.78,95,5,eden,,SC,32,5,1,0.735281,0.0206589
80,3619867,20158.8,182340,1071.84,182339,1071.84,97,5,eden,,SC,32,5,1,0.814032,0.00453329
90,3745635,69344.8,80614,1418.82,80614,1418.94,98,4,eden,,SC,32,5,1,0.842314,0.0155942
100,4446837,144171,0,0,0,0,100,5,eden,,SC,32,5,1,1,0.032421
