LMem%,Xput,XputErr,Faults,FaultsErr,HitR,Count,System,Backend,EvP,EvB,CPU,Zipfs,XputNorm,XputErrNorm
10,661608,0,442950,0,66,1,eden-bh,,SC,32,5,1,0.187467,
20,831600,0,410062,0,75,1,eden-bh,,SC,32,5,1,0.235635,
30,998686,0,373648,0,81,1,eden-bh,,SC,32,5,1,0.282979,
40,1221022,0,340906,0,86,1,eden-bh,,SC,32,5,1,0.345978,
50,1465330,0,303351,0,89,1,eden-bh,,SC,32,5,1,0.415203,
60,1757216,0,259667,0,92,1,eden-bh,,SC,32,5,1,0.497909,
70,2124174,0,207350,0,95,1,eden-bh,,SC,32,5,1,0.601887,
80,2589928,0,149873,0,97,1,eden-bh,,SC,32,5,1,0.733859,
90,3036971,0,79249,0,98,1,eden-bh,,SC,32,5,1,0.860529,
100,3529190,0,3992,0,99,1,eden-bh,,SC,32,5,1,1,
