LMem%,Xput,XputErr,Faults,FaultsErr,HitR,Count,System,Backend,EvP,EvB,CPU,Zipfs,XputNorm,XputErrNorm
10,670617,0,445802,0,66,1,eden-bh,,LRU,32,5,1,0.201557,
20,835599,0,408198,0,75,1,eden-bh,,LRU,32,5,1,0.251144,
30,1026167,0,376349,0,81,1,eden-bh,,LRU,32,5,1,0.30842,
40,1230237,0,338375,0,86,1,eden-bh,,LRU,32,5,1,0.369754,
50,1465488,0,300694,0,89,1,eden-bh,,LRU,32,5,1,0.44046,
60,1724480,0,255553,0,92,1,eden-bh,,LRU,32,5,1,0.518302,
70,1999527,0,204406,0,94,1,eden-bh,,LRU,32,5,1,0.600968,
80,2363420,0,149301,0,96,1,eden-bh,,LRU,32,5,1,0.710338,
90,2785190,0,82770,0,98,1,eden-bh,,LRU,32,5,1,0.837104,
100,3327175,0,5083,0,99,1,eden-bh,,LRU,32,5,1,1,
