LMem%,Xput,XputErr,Faults,FaultsErr,NetReads,NetReadsErr,HitR,Count,System,Backend,EvP,EvB,CPU,Zipfs,XputNorm,XputErrNorm
10,682887,0,462984,0,462982,0,66,1,eden-bh,,SC,32,5,1,0.173447,
20,863983,0,433670,0,433668,0,74,1,eden-bh,,SC,32,5,1,0.219444,
30,1052838,0,398436,0,398435,0,81,1,eden-bh,,SC,32,5,1,0.267411,
40,1275160,0,365453,0,365452,0,85,1,eden-bh,,SC,32,5,1,0.323879,
50,1532332,0,325101,0,325099,0,89,1,eden-bh,,SC,32,5,1,0.389198,
60,1858950,0,275486,0,275485,0,92,1,eden-bh,,SC,32,5,1,0.472156,
70,2242076,0,222925,0,222925,0,95,1,eden-bh,,SC,32,5,1,0.569467,
80,2704984,0,157225,0,157224,0,97,1,eden-bh,,SC,32,5,1,0.687041,
90,3295121,0,85661,0,85660,0,98,1,eden-bh,,SC,32,5,1,0.83693,
100,3937151,0,4412,0,4412,0,99,1,eden-bh,,SC,32,5,1,1,
