LMem%,Xput,XputErr,Faults,FaultsErr,HitR,Count,System,Backend,EvP,EvB,CPU,Zipfs,XputNorm,XputErrNorm
10,674301,0,451051,0,66,1,eden-bh,,SC,32,5,1,0.189962,
20,834948,0,412187,0,75,1,eden-bh,,SC,32,5,1,0.235219,
30,1022393,0,382586,0,81,1,eden-bh,,SC,32,5,1,0.288025,
40,1234242,0,346670,0,85,1,eden-bh,,SC,32,5,1,0.347707,
50,1487380,0,307140,0,89,1,eden-bh,,SC,32,5,1,0.41902,
60,1791521,0,262306,0,92,1,eden-bh,,SC,32,5,1,0.504702,
70,2161792,0,210741,0,95,1,eden-bh,,SC,32,5,1,0.609013,
80,2625194,0,149217,0,97,1,eden-bh,,SC,32,5,1,0.739561,
90,3106235,0,80036,0,98,1,eden-bh,,SC,32,5,1,0.875079,
100,3549664,0,4058,0,99,1,eden-bh,,SC,32,5,1,1,
