LMem%,Xput,XputErr,Faults,FaultsErr,NetReads,NetReadsErr,HitR,Count,System,Backend,EvP,EvB,CPU,Zipfs,XputNorm,XputErrNorm
10,856195,0,620038,0,620010,0,63,1,eden,,NONE,32,5,1,0.225042,
20,1085726,0,592543,0,592521,0,72,1,eden,,NONE,32,5,1,0.285372,
30,1318752,0,559674,0,559650,0,78,1,eden,,NONE,32,5,1,0.346621,
40,1566325,0,515624,0,515598,0,83,1,eden,,NONE,32,5,1,0.411693,
50,,,,,,,,,eden,,NONE,32,5,1,,
60,2147572,0,402307,0,402290,0,90,1,eden,,NONE,32,5,1,0.564468,
70,2456843,0,324454,0,324439,0,93,1,eden,,NONE,32,5,1,0.645757,
80,2884133,0,241056,0,241048,0,95,1,eden,,NONE,32,5,1,0.758066,
90,3218416,0,126944,0,126939,0,98,1,eden,,NONE,32,5,1,0.845929,
100,3804595,0,9486,0,9486,0,99,1,eden,,NONE,32,5,1,1,
