LMem%,Xput,XputErr,Faults,FaultsErr,HitR,Count,System,Backend,EvP,EvB,CPU,Zipfs,XputNorm,XputErrNorm
10,682282,0,467193,0,65,1,eden-bh,,LRU,32,5,1,0.200105,
20,855837,0,439588,0,74,1,eden-bh,,LRU,32,5,1,0.251007,
30,1026177,0,407520,0,80,1,eden-bh,,LRU,32,5,1,0.300966,
40,1211148,0,369615,0,84,1,eden-bh,,LRU,32,5,1,0.355216,
50,1400870,0,327957,0,88,1,eden-bh,,LRU,32,5,1,0.410859,
60,1684314,0,291329,0,91,1,eden-bh,,LRU,32,5,1,0.49399,
70,1980842,0,239385,0,93,1,eden-bh,,LRU,32,5,1,0.580958,
80,2367460,0,179729,0,96,1,eden-bh,,LRU,32,5,1,0.694348,
90,2800157,0,102884,0,98,1,eden-bh,,LRU,32,5,1,0.821253,
100,3409614,0,7510,0,99,1,eden-bh,,LRU,32,5,1,1,
