

## Distribution of keys
total: 28525209, min:1, max:9999993, range:9999992, uniq:3457705
cdf: [ 68.44805589  72.6321865   75.10757239  76.87327374  78.25223647
  79.39446123  80.37303075  81.22153987  81.96220052  82.66182379
  83.26790174  83.87397968  84.36569211  84.85055447  85.33541682
  85.82027918  86.18822039  86.55186716  86.91551392  87.27916069
  87.64280745  88.00645422  88.37010099  88.61891249  88.86134366
  89.10377484  89.34620602  89.58863719  89.83106837  90.07349955
  90.31593073  90.5583619   90.80079308  91.04322426  91.28565544
  91.52808661  91.77051779  92.01294897  92.25538014  92.49781132
  92.7402425   92.96949586  93.09071145  93.21192704  93.33314262
  93.45435821  93.5755738   93.69678939  93.81800498  93.93922057
  94.06043616  94.18165175  94.30286733  94.42408292  94.54529851
  94.6665141   94.78772969  94.90894528  95.03016087  95.15137645
  95.27259204  95.39380763  95.51502322  95.63623881  95.7574544
  95.87866999  95.99988557  96.12110116  96.24231675  96.36353234
  96.48474793  96.60596352  96.72717911  96.8483947   96.96961028
  97.09082587  97.21204146  97.33325705  97.45447264  97.57568823
  97.69690382  97.8181194   97.93933499  98.06055058  98.18176617
  98.30298176  98.42419735  98.54541294  98.66662852  98.78784411
  98.9090597   99.03027529  99.15149088  99.27270647  99.39392206
  99.51513765  99.63635323  99.75756882  99.87878441 100.        ]


## Distribution for item pages (512B values)
Data: /home/ayelam/eden-all/apps/memcached/data/run-03-26-16-16-48/output.txt
total: 28525209, min:140598797402112, max:140606319882240, range:7522480128, uniq:1708293
cdf: [ 62.03046225  66.47686262  69.18257111  71.17613406  72.76740023
  74.10445967  75.26422331  76.29429113  77.22220721  78.07324392
  78.85552039  79.57777628  80.25463722  80.90232047  81.50119426
  82.08397351  82.62295992  83.16194633  83.65366929  84.13276832
  84.61186735  85.06295607  85.48216772  85.90137937  86.32059103
  86.73663355  87.09595782  87.4552821   87.81460637  88.17393064
  88.53325492  88.89257919  89.1974008   89.49683769  89.79627459
  90.09571148  90.39514838  90.69458527  90.99402216  91.29345906
  91.56913452  91.80868403  92.04823355  92.28778306  92.52733258
  92.76688209  93.00643161  93.24598112  93.48553064  93.72508016
  93.96462967  94.20417919  94.40507868  94.58474082  94.76440295
  94.94406509  95.12372723  95.30338936  95.4830515   95.66271364
  95.84237577  96.02203791  96.20170005  96.38136218  96.56102432
  96.74068646  96.92034859  97.07418445  97.19395921  97.31373397
  97.43350873  97.55328348  97.67305824  97.792833    97.91260776
  98.03238251  98.15215727  98.27193203  98.39170679  98.51148155
  98.6312563   98.75103106  98.87080582  98.99058058  99.10171386
  99.16160123  99.22148861  99.28137599  99.34126337  99.40115075
  99.46103813  99.52092551  99.58081289  99.64069676  99.70058063
  99.76046451  99.82034838  99.88023225  99.94011613 100.        ]

  ## Distribution for item pages (2kB values)
  DataL /home/ayelam/eden-all/apps/memcached/data/run-03-26-21-28-30/output.txt



## Distribution for hash table pointer array pages
Data: /home/ayelam/eden-all/apps/memcached/data/run-03-26-18-41-23/output.txt
total: 29023085, min:140596649918464, max:140598797398016, range:2147479552, uniq:523976
cdf: [ 55.29909381  59.89441853  62.728876    64.83143677  66.53318901
  67.97957901  69.24694601  70.38144291  71.41240843  72.36053989
  73.2406393   74.06585482  74.84222301  75.57751356  76.27584387
  76.9425304   77.58217984  78.19614627  78.78629718  79.35599885
  79.90643655  80.43933303  80.95641797  81.45944513  81.94691915
  82.41924661  82.88146488  83.33282971  83.76950969  84.20078017
  84.61603582  85.02721196  85.42441301  85.81926766  86.19841412
  86.57756059  86.94083348  87.30192535  87.65549562  87.99853289
  88.34157017  88.67309592  88.9980786   89.32306128  89.63707683
  89.94400492  90.25093301  90.551573    90.84044649  91.12931999
  91.41819348  91.69257162  91.96339052  92.23420942  92.50502832
  92.75919841  93.01196272  93.26472703  93.51749133  93.75549498
  93.99020469  94.22491441  94.45962412  94.68507225  94.90172737
  95.11838249  95.33503761  95.55169273  95.7506826   95.94928313
  96.14788366  96.34648419  96.53997843  96.72052437  96.9010703
  97.08161624  97.26212772  97.43189602  97.59435635  97.75681669
  97.91927702  98.08037636  98.22478555  98.36919473  98.51360391
  98.6580131   98.78792348  98.91428151  99.04063955  99.16699758
  99.27620375  99.38451064  99.49281753  99.5898334   99.68008914
  99.76986251  99.8420671   99.91242489  99.96657833 100.        ]

